Car 0 0 -10 0 0 0 0 1.49 1.79 3.91 -4.16 2.34 -60.17 1.49 0
Car 0 0 -10 936.73 645.05 1056.94 755.4 1.82 1.89 4.26 0.31 2.08 36.34 -1.61 0
Car 0 0 -10 0 0 0 0 1.77 1.82 4.14 -7.59 2.58 -39.67 1.55 0
Car 0 0 -10 0 0 0 0 1.63 2.03 4.53 4.22 2.1 -8.68 -1.55 0
Car 0 0 -10 0 0 0 0 1.54 1.91 4.3 0.26 2.28 -26.24 -1.52 0
Car 0 0 -10 877.82 709.07 1218.68 969.44 1.44 2.08 4.33 0.44 2.07 14.73 -1.57 0
Car 0 0 -10 0 0 0 0 2.22 2.59 6.24 -7.38 2.57 -51.25 1.57 0
Car 0 0 -10 642.26 311.83 1010.83 635.85 1.58 2.05 4.03 -13.62 2.42 -0.86 -3.15 3
Car 0 0 -10 692.98 651.94 768.82 706.1 1.6 1.82 4.22 -7.55 2.27 63.97 -4.7 0
Car 0 0 -10 0 0 0 0 1.55 2.08 4.42 4.29 2.07 -31.45 -1.54 0
Car 0 0 -10 356.11 628.87 594.53 802.88 2.46 2.54 6.62 -7.7 2.45 32.55 1.51 0
Car 0 0 -10 0.0 638.51 1683.69 1280.0 2.14 2.2 5.43 -3.51 2.22 2.1 -4.71 1
Car 0 0 -10 0 0 0 0 1.58 1.82 4.26 4.25 2.21 -37.1 -1.56 0
Car 0 0 -10 0 0 0 0 1.62 2.17 5.81 0.06 2.12 -9.57 -1.58 0
Car 0 0 -10 1093.65 654.16 1183.5 724.23 1.61 1.83 4.25 3.94 2.19 50.36 -1.57 0
Car 0 0 -10 0 0 0 0 1.98 2.34 5.54 -7.32 2.43 -24.25 -4.64 0
Car 0 0 -10 925.12 677.47 1142.97 845.85 1.54 2.11 4.76 0.53 2.09 22.31 -1.58 0
Car 0 0 -10 1068.46 641.74 1154.49 700.95 1.75 2.21 4.29 4.12 2.09 63.19 -1.6 0
Car 0 0 -10 0 0 0 0 1.86 1.91 4.32 4.03 2.32 -52.86 -1.56 0
Pedestrian 0 0 -10 1255.11 648.38 1332.21 790.02 1.82 0.75 0.65 -15.97 2.33 22.22 -2.82 1
Car 0 0 -10 723.82 636.63 857.86 750.56 2.1 2.22 4.61 -3.54 2.22 40.32 -4.71 0
Car 0 0 -10 0 0 0 0 1.71 2.06 4.36 4.4 2.06 -18.0 -1.58 0
Car 0 0 -10 918.96 664.9 1086.71 795.1 1.64 2.09 4.94 0.29 2.16 29.42 -1.61 0
Car 0 0 -10 193.75 657.83 547.51 846.36 2.06 2.52 6.06 -7.44 2.43 26.22 -4.67 0
Car 0 0 -10 585.09 660.88 699.87 740.37 1.7 1.97 4.14 -7.58 2.41 47.28 1.57 0
Car 0 0 -10 0 0 0 0 1.27 1.67 3.77 -13.97 2.49 -17.4 0.01 0
Car 0 0 -10 0 0 0 0 1.6 1.81 4.33 4.04 2.23 -47.03 -1.56 0
Car 0 0 -10 0 0 0 0 2.42 2.26 4.99 0.02 2.4 -46.42 -1.6 0
Car 0 0 -10 0 0 0 0 1.56 2.06 4.36 0.64 2.26 -17.82 -1.59 0
Car 0 0 -10 0 0 0 0 1.92 2.09 5.01 -0.07 1.79 -32.78 -1.52 0
Car 0 0 -10 0 0 0 0 1.66 1.8 3.76 -7.6 2.45 -9.0 -4.67 0
Car 0 0 -10 489.9 675.02 643.01 769.52 1.56 2.04 4.44 -7.44 2.41 37.96 1.55 0
Car 0 0 -10 685.89 705.65 1471.97 1280.0 1.79 1.98 4.14 0.25 2.12 7.25 -1.57 0
Car 0 0 -10 1879.88 632.78 1920.0 874.69 1.85 2.02 4.33 9.93 1.87 16.55 -3.13 0
Car 0 0 -10 629.68 660.75 728.38 725.02 1.53 2.03 4.56 -7.55 2.32 52.89 1.54 0
Car 0 0 -10 0 0 0 0 2.16 2.44 5.58 -16.39 2.46 -68.5 -3.15 0
Car 0 0 -10 925.4 630.22 1021.61 736.52 2.1 1.9 4.19 -0.06 2.1 42.82 -1.58 0
Car 0 0 -10 658.91 657.47 749.04 714.88 1.52 1.9 4.7 -7.64 2.29 58.39 -4.7 0
