Car 0 0 -10 945.31 640.8 1020.44 712.2 1.82 1.89 4.26 0.23 2.09 54.74 -1.54 0
Car 0 0 -10 0 0 0 0 1.77 1.82 4.14 -7.6 2.59 -39.67 1.55 0
Car 0 0 -10 0 0 0 0 1.63 2.03 4.53 4.23 2.11 -8.65 -1.55 0
Car 0 0 -10 0 0 0 0 1.54 1.91 4.3 0.26 2.29 -26.25 -1.52 0
Car 0 0 -10 225.64 695.45 671.86 1004.94 1.71 2.01 4.28 -3.43 2.22 14.31 -4.71 0
Car 0 0 -10 885.18 705.2 1194.51 940.44 1.44 2.08 4.33 0.45 2.09 16.02 -1.56 0
Car 0 0 -10 0 0 0 0 2.22 2.59 6.24 -7.39 2.58 -51.24 1.57 0
Car 0 0 -10 642.12 312.32 1010.82 636.59 1.58 2.05 4.03 -13.62 2.42 -0.86 -3.15 3
Car 0 0 -10 693.16 651.81 769.01 705.96 1.6 1.82 4.22 -7.55 2.26 63.97 -4.7 0
Car 0 0 -10 0 0 0 0 1.55 2.08 4.42 4.29 2.07 -31.45 -1.54 0
Car 0 0 -10 356.22 628.79 594.69 802.8 2.46 2.54 6.62 -7.7 2.45 32.55 1.51 0
Car 0 0 -10 0 0 0 0 2.14 2.2 5.43 -3.6 2.33 -46.27 1.57 0
Car 0 0 -10 0 0 0 0 1.58 1.82 4.26 4.25 2.21 -37.1 -1.56 0
Car 0 0 -10 0 0 0 0 1.62 2.17 5.81 0.06 2.12 -9.57 -1.58 0
Car 0 0 -10 1095.33 653.84 1185.38 723.93 1.61 1.83 4.25 3.98 2.19 50.33 -1.57 0
Car 0 0 -10 0 0 0 0 1.98 2.34 5.54 -7.29 2.43 -24.24 -4.64 0
Pedestrian 0 0 -10 0 0 0 0 1.86 0.94 0.94 1.49 2.41 -32.33 -0.78 0
Car 0 0 -10 832.48 653.07 901.84 708.99 1.74 2.07 4.09 -3.5 2.48 67.14 1.57 0
Car 0 0 -10 927.5 671.69 1103.32 806.36 1.54 2.11 4.76 0.49 2.11 27.09 -1.56 0
Car 0 0 -10 1068.01 642.15 1154.01 701.39 1.75 2.21 4.29 4.11 2.1 63.19 -1.6 0
Car 0 0 -10 0 0 0 0 1.86 1.91 4.32 4.03 2.33 -52.86 -1.56 0
Pedestrian 0 0 -10 1299.17 647.14 1371.59 793.61 1.82 0.75 0.65 -15.07 2.3 21.86 -1.0 1
Car 0 0 -10 0 0 0 0 2.1 2.22 4.61 -3.18 2.24 -31.28 -4.71 0
Car 0 0 -10 0 0 0 0 1.71 2.06 4.36 4.4 2.06 -18.0 -1.58 0
Car 0 0 -10 929.34 657.84 1043.43 749.5 1.64 2.09 4.94 0.16 2.19 40.31 -1.58 0
Car 0 0 -10 193.83 657.79 547.67 846.3 2.06 2.52 6.06 -7.44 2.43 26.22 -4.67 0
Car 0 0 -10 735.04 653.08 860.51 753.68 1.8 2.05 4.08 -3.34 2.24 39.46 -4.71 0
Car 0 0 -10 0 0 0 0 2.92 2.8 7.99 9.82 1.65 -72.69 -3.14 0
Car 0 0 -10 583.18 660.75 698.31 740.33 1.7 1.97 4.14 -7.61 2.4 47.22 -4.71 0
Car 0 0 -10 0 0 0 0 1.27 1.67 3.77 -13.94 2.49 -17.4 0.01 0
Car 0 0 -10 728.14 651.6 789.83 699.2 1.62 1.72 4.23 -7.67 2.37 73.33 -4.7 0
Car 0 0 -10 0 0 0 0 1.6 1.81 4.33 4.03 2.23 -47.05 -1.56 0
Car 0 0 -10 0 0 0 0 2.42 2.26 4.99 -0.03 2.25 -41.59 -1.59 0
Car 0 0 -10 0 0 0 0 1.56 2.06 4.36 0.63 2.25 -17.44 -1.6 0
Car 0 0 -10 0 0 0 0 1.92 2.09 5.01 -0.07 1.8 -32.78 -1.52 0
Car 0 0 -10 0 0 0 0 1.66 1.8 3.76 -7.6 2.46 -9.0 -4.67 0
Car 0 0 -10 490.04 674.93 643.18 769.42 1.56 2.04 4.44 -7.44 2.41 37.96 1.55 0
Car 0 0 -10 688.35 705.44 1469.03 1280.0 1.79 1.98 4.14 0.26 2.12 7.29 -1.57 0
Car 0 0 -10 1880.43 632.13 1920.0 874.06 1.85 2.02 4.33 9.93 1.86 16.55 -3.13 0
Car 0 0 -10 630.11 660.62 728.84 724.88 1.53 2.03 4.56 -7.54 2.32 52.88 1.54 0
Car 0 0 -10 0 0 0 0 2.16 2.44 5.58 -16.4 2.47 -68.5 -3.15 0
Car 0 0 -10 950.48 631.45 1008.79 695.87 2.1 1.9 4.19 0.13 2.13 69.3 -1.57 0
Car 0 0 -10 659.08 657.35 749.22 714.74 1.52 1.9 4.7 -7.64 2.29 58.39 -4.7 0
