Car 0 0 -10 0 0 0 0 3.2 2.37 6.14 2.44 1.3 -50.1 -1.52 0
Car 0 0 -10 0 0 0 0 2.33 1.99 4.62 2.47 1.5 -37.88 -1.57 0
Car 0 0 -10 1003.73 656.22 1090.13 729.76 1.77 2.02 4.56 2.46 2.4 54.94 -1.58 0
Car 0 0 -10 693.16 4.34 1058.3 210.32 2.54 1.89 4.55 26.98 0.04 1.24 -4.69 4
Car 0 0 -10 451.82 72.43 1102.51 300.59 1.71 2.06 4.89 16.83 0.73 1.49 -4.68 4
Car 0 0 -10 262.4 128.25 1164.67 452.23 1.66 1.94 4.56 11.77 1.3 1.38 1.54 4
Car 0 0 -10 1107.22 675.05 1470.52 965.44 1.81 2.07 4.86 2.45 2.21 16.49 -1.57 0
Car 0 0 -10 1219.52 617.53 1368.73 688.16 2.24 2.02 4.56 11.34 1.71 68.78 -0.02 0
Car 0 0 -10 0 0 0 0 2.14 2.25 4.4 8.15 0.38 -42.65 -0.01 0
Car 0 0 -10 397.49 75.57 1119.37 363.07 1.81 2.03 4.52 14.28 1.02 1.38 -1.56 4
Car 0 0 -10 0 0 0 0 1.69 2.25 4.42 6.52 0.99 -60.47 0.01 0
Car 0 0 -10 0 0 0 0 2.22 2.03 3.77 2.66 2.03 -19.09 -1.55 0
Car 0 0 -10 0 0 0 0 2.45 2.1 4.88 2.26 1.7 -31.96 -1.57 0
Car 0 0 -10 1341.0 605.44 1920.0 1280.0 2.1 2.2 4.52 6.73 2.12 1.63 -1.65 2
Car 0 0 -10 542.92 6.39 1112.41 244.21 2.03 2.04 4.89 19.13 0.35 1.34 1.51 4
Car 0 0 -10 0 0 0 0 1.33 0.81 2.06 11.54 0.0 -24.23 -0.02 0
Car 0 0 -10 1023.67 670.18 1132.42 764.66 1.72 1.92 4.38 2.53 2.53 42.69 -1.58 0
Car 0 0 -10 594.28 700.21 1507.85 1231.06 2.13 2.27 4.81 -7.57 2.43 8.32 -1.48 1
Car 0 0 -10 1806.51 602.69 1920.0 1219.8 1.88 2.0 4.74 9.18 1.89 1.16 -1.49 2
Car 0 0 -10 0 0 0 0 1.83 2.12 4.66 2.51 2.31 -7.05 -1.56 0
Car 0 0 -10 1062.39 647.78 1237.56 829.81 2.03 1.94 4.46 2.4 2.24 26.27 -1.53 0
Car 0 0 -10 0.0 827.86 500.08 1204.85 2.63 2.57 6.26 -19.49 4.54 8.22 -1.53 1
Car 0 0 -10 448.47 812.06 1210.71 1225.92 1.82 2.05 4.87 -10.1 3.03 8.94 -1.53 1
