Car 0 0 -10 0 0 0 0 3.2 2.37 6.14 2.43 2.16 -56.6 -1.52 0
Car 0 0 -10 1015.54 640.33 1114.54 722.37 1.77 2.02 4.56 2.58 1.94 48.46 -1.57 0
Car 0 0 -10 1202.59 67.37 1582.16 271.08 2.54 1.89 4.55 27.07 0.81 -5.3 -4.69 4
Car 0 0 -10 1275.1 143.79 1920.0 371.92 1.71 2.06 4.89 16.89 1.26 -4.96 -4.68 4
Car 0 0 -10 1445.43 221.91 1920.0 539.62 1.66 1.94 4.56 11.82 1.77 -5.11 1.54 4
Car 0 0 -10 943.09 574.82 999.73 625.5 1.77 1.98 4.21 0.65 -0.36 75.22 -1.57 0
Car 0 0 -10 1199.01 699.15 1920.0 1242.79 1.81 2.07 4.86 2.51 2.23 10.06 -1.56 0
Car 0 0 -10 1174.39 550.87 1247.65 620.45 2.41 2.08 4.59 9.32 -0.52 74.81 -1.56 0
Car 0 0 -10 1252.73 600.68 1418.92 678.44 2.24 2.02 4.56 11.5 1.29 62.27 -0.02 0
Car 0 0 -10 0 0 0 0 2.14 2.25 4.4 8.16 1.24 -49.15 -0.0 0
Car 0 0 -10 1366.63 155.38 1920.0 439.12 1.81 2.03 4.52 14.34 1.51 -5.08 -1.55 4
Car 0 0 -10 0 0 0 0 1.69 2.25 4.42 6.48 2.04 -66.97 0.01 0
Car 0 0 -10 0 0 0 0 2.22 2.03 3.77 2.67 2.52 -25.56 -1.54 0
Car 0 0 -10 1246.58 67.76 1745.22 252.27 1.83 1.99 4.78 21.85 0.45 -5.28 -4.64 4
Car 0 0 -10 0 0 0 0 2.45 2.1 4.88 2.24 2.33 -38.42 -1.57 0
Car 0 0 -10 1662.67 293.76 1920.0 886.0 2.1 2.2 4.52 6.79 2.42 -4.79 -1.65 4
Car 0 0 -10 1257.89 79.82 1854.2 316.16 2.03 2.04 4.89 19.21 0.96 -5.19 1.51 4
Car 0 0 -10 1015.26 553.55 1075.82 605.39 1.77 1.96 4.21 3.35 -1.1 75.04 -1.57 0
Car 0 0 -10 1041.37 659.12 1172.26 769.86 1.72 1.92 4.38 2.63 2.21 36.21 -1.57 0
Car 0 0 -10 0.0 696.58 622.59 1280.0 2.13 2.27 4.81 -7.53 2.32 1.9 -1.48 1
Car 0 0 -10 1081.84 555.38 1150.4 612.53 1.97 2.08 4.55 5.92 -0.83 75.27 -1.57 0
Car 0 0 -10 1588.83 281.56 1920.0 795.83 1.88 2.0 4.74 9.19 2.25 -5.25 -1.49 4
Car 0 0 -10 0 0 0 0 1.83 2.12 4.66 2.53 2.68 -13.47 -1.55 0
Car 0 0 -10 1102.94 643.82 1352.27 892.0 2.03 1.94 4.46 2.48 2.16 19.79 -1.52 0
Car 0 0 -10 825.06 393.82 1532.29 728.58 2.63 2.57 6.26 -19.48 4.12 1.8 -1.52 3
Car 0 0 -10 0.0 839.79 396.34 1280.0 1.82 2.05 4.87 -10.07 2.84 2.47 -1.52 1
