Car 0 0 -10 0 0 0 0 1.47 2.1 4.45 6.35 2.1 -67.5 -1.57
Car 0 0 -10 0 0 0 0 2.0 2.48 5.92 -3.91 2.09 -5.63 -1.56
Car 0 0 -10 0 0 0 0 1.72 1.84 4.22 2.58 1.49 -66.78 -1.57
Car 0 0 -10 1378.06 686.76 1608.23 817.32 1.53 1.93 4.55 7.15 2.5 27.82 -1.57
Car 0 0 -10 755.75 654.23 860.1 734.7 1.9 2.2 4.55 -3.68 3.12 51.48 -1.56
Car 0 0 -10 0 0 0 0 1.49 2.06 4.16 -0.02 1.83 -13.15 -1.56
Car 0 0 -10 0 0 0 0 1.45 1.86 4.14 -4.05 1.04 -45.86 -1.57
Car 0 0 -10 1296.24 665.66 1389.7 730.33 1.7 1.84 3.81 10.6 3.45 57.45 -1.58
Car 0 0 -10 919.69 680.83 1007.86 754.69 1.28 1.59 3.65 0.09 2.75 39.26 -1.57
Car 0 0 -10 1918.1 555.52 1920.0 612.46 1.7 1.85 4.33 33.11 0.3 66.69 -1.64
Car 0 0 -10 0 0 0 0 1.76 2.24 4.65 -3.96 2.18 -60.56 -1.57
Car 0 0 -10 797.07 672.91 990.42 836.27 1.82 2.21 4.73 -0.56 2.3 26.15 -1.57
Car 0 0 -10 1054.43 666.36 1133.0 723.78 1.43 1.85 4.02 3.89 2.17 54.85 -1.56
Car 0 0 -10 0 0 0 0 1.49 1.93 4.23 3.21 1.81 -45.32 -1.57
Car 0 0 -10 0 0 0 0 2.46 2.47 5.56 7.11 1.96 -8.58 -1.56
Car 0 0 -10 0 0 0 0 3.0 3.22 10.2 -8.2 2.02 -31.73 -1.56
Car 0 0 -10 0 0 0 0 2.1 2.36 5.75 6.71 1.49 -46.78 -1.56
Car 0 0 -10 1222.68 672.47 1336.64 745.23 1.49 1.87 4.35 7.37 2.21 46.04 -1.57
Car 0 0 -10 0 0 0 0 1.52 2.08 4.49 3.22 1.91 -23.31 -1.57
Car 0 0 -10 0 0 0 0 2.02 2.34 5.88 10.74 2.02 -24.28 -1.56
Car 0 0 -10 0.0 667.96 462.72 1280.0 2.03 2.48 5.92 -3.97 2.11 9.23 -1.56
Car 0 0 -10 808.46 650.26 877.36 706.7 1.8 2.01 4.3 -3.51 3.37 68.46 -1.57
Car 0 0 -10 0 0 0 0 1.5 2.12 4.34 -4.19 1.34 -29.08 -1.56
Car 0 0 -10 499.3 693.79 734.0 862.91 1.59 1.87 3.79 -3.52 2.57 22.41 -1.56
Car 0 0 -10 1058.66 635.54 1241.32 777.32 2.31 2.74 6.3 3.41 3.02 37.02 -1.56
Car 0 0 -10 922.53 650.05 1001.84 709.02 1.67 2.25 4.59 0.34 3.13 61.19 -1.57
Car 0 0 -10 0 0 0 0 1.64 2.15 4.69 10.24 2.86 -56.23 -1.56
Car 0 0 -10 1145.33 665.66 1409.33 866.71 1.91 2.21 4.67 3.33 2.28 22.41 -1.55
Car 0 0 -10 1549.32 681.95 1772.4 799.5 1.6 1.94 4.51 10.78 2.02 31.62 -1.56
Car 0 0 -10 0 0 0 0 1.68 2.19 5.08 -0.38 1.97 -29.34 -1.57
