Car 0 0 -10 0 0 0 0 1.49 1.79 3.91 -4.17 2.34 -60.17 1.49
Car 0 0 -10 936.96 644.95 1058.34 755.46 1.82 1.89 4.26 0.33 2.07 36.29 -1.61
Car 0 0 -10 0 0 0 0 1.77 1.82 4.14 -7.6 2.58 -39.67 1.55
Car 0 0 -10 0 0 0 0 1.63 2.03 4.53 4.22 2.09 -8.69 -1.55
Car 0 0 -10 0 0 0 0 1.54 1.91 4.3 0.26 2.28 -26.23 -1.52
Car 0 0 -10 878.88 709.05 1219.25 968.99 1.44 2.08 4.33 0.44 2.07 14.75 -1.57
Car 0 0 -10 0 0 0 0 2.22 2.59 6.24 -7.39 2.57 -51.24 1.57
Car 0 0 -10 0 0 0 0 1.55 2.08 4.42 4.29 2.07 -31.45 -1.54
Car 0 0 -10 356.24 628.82 594.7 802.83 2.46 2.54 6.62 -7.7 2.45 32.55 1.51
Car 0 0 -10 643.97 634.87 831.63 790.26 2.14 2.2 5.43 -3.47 2.21 31.12 -4.71
Car 0 0 -10 0 0 0 0 1.55 1.85 4.36 3.63 1.92 -73.36 -3.13
Car 0 0 -10 0 0 0 0 1.58 1.82 4.26 4.25 2.21 -37.1 -1.56
Car 0 0 -10 0 0 0 0 1.62 2.17 5.81 0.06 2.09 -10.41 -1.58
Car 0 0 -10 1093.4 654.18 1183.2 724.24 1.61 1.83 4.25 3.93 2.2 50.37 -1.57
Car 0 0 -10 0 0 0 0 1.98 2.34 5.54 -7.32 2.43 -24.25 -4.64
Car 0 0 -10 923.43 677.51 1141.22 845.83 1.54 2.11 4.76 0.51 2.09 22.32 -1.58
Car 0 0 -10 1068.95 641.51 1155.02 700.7 1.75 2.21 4.29 4.14 2.08 63.19 -1.6
Car 0 0 -10 0 0 0 0 1.86 1.91 4.32 4.03 2.32 -52.86 -1.56
Car 0 0 -10 841.93 635.28 913.32 697.8 2.1 2.22 4.61 -3.36 2.26 71.58 -4.7
Car 0 0 -10 0 0 0 0 1.71 2.06 4.36 4.4 2.06 -18.0 -1.58
Car 0 0 -10 918.23 662.59 1085.72 792.26 1.64 2.09 4.94 0.28 2.12 29.44 -1.61
Car 0 0 -10 193.85 657.78 547.67 846.3 2.06 2.52 6.06 -7.44 2.43 26.22 -4.67
Car 0 0 -10 585.25 660.86 700.05 740.34 1.7 1.97 4.14 -7.57 2.41 47.28 -4.71
Car 0 0 -10 0 0 0 0 1.27 1.67 3.77 -13.98 2.49 -17.4 0.01
Car 0 0 -10 0 0 0 0 1.6 1.81 4.33 4.03 2.23 -47.02 -1.56
Car 0 0 -10 0 0 0 0 2.42 2.26 4.99 0.06 2.41 -48.17 -1.59
Car 0 0 -10 0 0 0 0 1.56 2.06 4.36 0.65 2.27 -18.9 -1.59
Car 0 0 -10 0 0 0 0 1.92 2.09 5.01 -0.07 1.79 -32.78 -1.52
Car 0 0 -10 0 0 0 0 1.66 1.8 3.76 -7.6 2.45 -9.0 -4.67
Car 0 0 -10 490.05 674.99 643.18 769.49 1.56 2.04 4.44 -7.44 2.41 37.96 1.55
Car 0 0 -10 685.79 705.65 1472.85 1280.0 1.79 1.98 4.14 0.26 2.12 7.25 -1.57
Car 0 0 -10 1880.32 632.82 1920.0 874.74 1.85 2.02 4.33 9.93 1.87 16.55 -3.13
Car 0 0 -10 0 0 0 0 2.16 2.44 5.58 -16.4 2.46 -68.5 -3.15
Car 0 0 -10 925.48 630.54 1021.93 737.09 2.1 1.9 4.19 -0.06 2.1 42.72 -1.58
