Car 0 0 -10 0 0 0 0 3.2 2.37 6.14 2.43 2.16 -56.6 -1.52
Car 0 0 -10 1015.54 640.33 1114.54 722.37 1.77 2.02 4.56 2.58 1.94 48.46 -1.57
Car 0 0 -10 943.09 574.82 999.73 625.5 1.77 1.98 4.21 0.65 -0.36 75.22 -1.57
Car 0 0 -10 1199.01 699.15 1920.0 1242.79 1.81 2.07 4.86 2.51 2.23 10.06 -1.56
Car 0 0 -10 1174.39 550.87 1247.65 620.45 2.41 2.08 4.59 9.32 -0.52 74.81 -1.56
Car 0 0 -10 1252.73 600.68 1418.92 678.44 2.24 2.02 4.56 11.5 1.29 62.27 -0.02
Car 0 0 -10 0 0 0 0 2.14 2.25 4.4 8.16 1.24 -49.15 -0.0
Car 0 0 -10 0 0 0 0 1.69 2.25 4.42 6.48 2.04 -66.97 0.01
Car 0 0 -10 0 0 0 0 2.22 2.03 3.77 2.67 2.52 -25.56 -1.54
Car 0 0 -10 0 0 0 0 2.45 2.1 4.88 2.24 2.33 -38.42 -1.57
Car 0 0 -10 1015.26 553.55 1075.82 605.39 1.77 1.96 4.21 3.35 -1.1 75.04 -1.57
Car 0 0 -10 1041.37 659.12 1172.26 769.86 1.72 1.92 4.38 2.63 2.21 36.21 -1.57
Car 0 0 -10 1081.84 555.38 1150.4 612.53 1.97 2.08 4.55 5.92 -0.83 75.27 -1.57
Car 0 0 -10 0 0 0 0 1.83 2.12 4.66 2.53 2.68 -13.47 -1.55
Car 0 0 -10 1102.94 643.82 1352.27 892.0 2.03 1.94 4.46 2.48 2.16 19.79 -1.52
