Car 0 0 -10 0 0 0 0 3.2 2.37 6.14 2.44 1.3 -50.1 -1.52
Car 0 0 -10 0 0 0 0 2.33 1.99 4.62 2.47 1.5 -37.88 -1.57
Car 0 0 -10 1003.73 656.22 1090.13 729.76 1.77 2.02 4.56 2.46 2.4 54.94 -1.58
Car 0 0 -10 1107.22 675.05 1470.52 965.44 1.81 2.07 4.86 2.45 2.21 16.49 -1.57
Car 0 0 -10 1219.52 617.53 1368.73 688.16 2.24 2.02 4.56 11.34 1.71 68.78 -0.02
Car 0 0 -10 0 0 0 0 2.14 2.25 4.4 8.15 0.38 -42.65 -0.01
Car 0 0 -10 0 0 0 0 1.69 2.25 4.42 6.52 0.99 -60.47 0.01
Car 0 0 -10 0 0 0 0 2.22 2.03 3.77 2.66 2.03 -19.09 -1.55
Car 0 0 -10 0 0 0 0 2.45 2.1 4.88 2.26 1.7 -31.96 -1.57
Car 0 0 -10 0 0 0 0 1.33 0.81 2.06 11.54 0.0 -24.23 -0.02
Car 0 0 -10 1023.67 670.18 1132.42 764.66 1.72 1.92 4.38 2.53 2.53 42.69 -1.58
Car 0 0 -10 0 0 0 0 1.83 2.12 4.66 2.51 2.31 -7.05 -1.56
Car 0 0 -10 1062.39 647.78 1237.56 829.81 2.03 1.94 4.46 2.4 2.24 26.27 -1.53
